10000 0.0002834
20000 0.008297
30000 0.0077256
40000 0.0093742
50000 0.0166734
60000 0.0192966
70000 0.0190788
80000 0.0244218
90000 0.030516
100000 0.0348064
110000 0.0433156
120000 0.041597
130000 0.0554358
140000 0.0519576
150000 0.0519666
160000 0.0550174
170000 0.05775
180000 0.0638678
190000 0.0638826
200000 0.0701752
210000 0.0716032
220000 0.0741182
230000 0.0785418
240000 0.0817938
250000 0.084819
260000 0.0884632
270000 0.0940714
280000 0.0983588
290000 0.099526
300000 0.114049
310000 0.107331
320000 0.114633
330000 0.118519
340000 0.131022
350000 0.127977
360000 0.131971
370000 0.135466
380000 0.154984
390000 0.168701
400000 0.140869
410000 0.142609
420000 0.156187
430000 0.163572
440000 0.155633
450000 0.158399
460000 0.165058
470000 0.165727
480000 0.173043
490000 0.178784
500000 0.176821
510000 0.180709
520000 0.188143
530000 0.191538
540000 0.192303
550000 0.202873
560000 0.212834
570000 0.206562
580000 0.209817
590000 0.216111
600000 0.219845
610000 0.246236
620000 0.225653
630000 0.23485
640000 0.286186
650000 0.237039
660000 0.244941
670000 0.251142
680000 0.253494
690000 0.264059
700000 0.262788
710000 0.266987
720000 0.265313
730000 0.272562
740000 0.277966
750000 0.281109
760000 0.292757
770000 0.292536
780000 0.301099
790000 0.299683
800000 0.309394
810000 0.307294
820000 0.311912
830000 0.321444
840000 0.315189
850000 0.315879
860000 0.333353
870000 0.327001
880000 0.327829
890000 0.341279
900000 0.337308
910000 0.353183
920000 0.35963
930000 0.344777
940000 0.354548
950000 0.367926
960000 0.363635
970000 0.365533
980000 0.37966
990000 0.381138
1000000 0.372532
1010000 0.382035
1020000 0.413123
1030000 0.392033
1040000 0.390674
1050000 0.39299
1060000 0.399578
1070000 0.456148
1080000 0.421394
1090000 0.413249
1100000 0.415618
1110000 0.426207
1120000 0.425019
1130000 0.441843
1140000 0.443935
1150000 0.446505
1160000 0.440611
1170000 0.438808
1180000 0.449685
1190000 0.451202
1200000 0.462469
1210000 0.465341
1220000 0.477509
1230000 0.480262
1240000 0.486985
1250000 0.48438
1260000 0.491678
1270000 0.493145
1280000 0.498375
1290000 0.505052
1300000 0.503254
1310000 0.514048
1320000 0.5119
1330000 0.553604
1340000 0.528231
1350000 0.53178
1360000 0.538726
1370000 0.538074
1380000 0.540236
1390000 0.550422
1400000 0.562138
1410000 0.557916
1420000 0.561645
1430000 0.56996
1440000 0.572332
1450000 0.625795
1460000 0.581108
1470000 0.590813
1480000 0.590214
1490000 0.599662
1500000 0.609394
1510000 0.6003
1520000 0.598466
1530000 0.612537
1540000 0.63466
1550000 0.623415
1560000 0.620513
1570000 0.629324
1580000 0.627555
1590000 0.660998
1600000 0.652183
1610000 0.664743
1620000 0.689654
1630000 0.659992
1640000 0.664109
1650000 0.666931
1660000 0.668206
1670000 0.669222
1680000 0.677049
1690000 0.6797
1700000 0.677376
1710000 0.68583
1720000 0.689723
1730000 0.691724
1740000 0.690215
1750000 0.695327
1760000 0.703448
1770000 0.703183
1780000 0.707762
1790000 0.710105
1800000 0.714331
1810000 0.727166
1820000 0.725572
1830000 0.724517
1840000 0.725313
1850000 0.73251
1860000 0.736158
1870000 0.734893
1880000 0.746177
1890000 0.762071
1900000 0.75301
1910000 0.755672
1920000 0.756935
1930000 0.769935
1940000 0.769299
1950000 0.769638
1960000 0.77452
1970000 0.779647
1980000 0.784232
1990000 0.793032
2000000 0.792302
2010000 0.791987
2020000 0.803777
2030000 0.806155
2040000 0.811961
2050000 0.807201
2060000 0.816807
2070000 0.817912
2080000 0.820269
2090000 0.828691
2100000 0.830016
2110000 0.836174
2120000 0.849143
2130000 0.842436
2140000 0.848151
2150000 0.857142
2160000 0.857053
2170000 0.858233
2180000 0.865276
2190000 0.877037
2200000 0.873606
2210000 0.872103
2220000 0.878847
2230000 0.884962
2240000 0.895471
2250000 0.900542
2260000 0.909649
2270000 0.909584
2280000 0.910767
2290000 0.917974
2300000 0.926008
2310000 0.926324
2320000 0.958345
2330000 0.929303
2340000 0.932048
2350000 0.939784
2360000 0.94372
2370000 0.967622
2380000 0.959766
2390000 0.961819
2400000 0.959593
2410000 0.968619
2420000 0.96586
2430000 0.978237
2440000 0.979214
2450000 0.984932
2460000 0.99094
2470000 0.996961
2480000 0.996214
2490000 1.00736
2500000 1.00389
2510000 1.00897
2520000 1.01862
2530000 1.02158
2540000 1.0188
2550000 1.02769
2560000 1.03708
2570000 1.03866
2580000 1.05012
2590000 1.0538
2600000 1.18187
2610000 1.05676
2620000 1.15146
2630000 1.06405
2640000 1.06833
2650000 1.07331
2660000 1.07714
2670000 1.08316
2680000 1.10339
2690000 1.09657
2700000 1.09649
2710000 1.10155
2720000 1.11433
2730000 1.10978
2740000 1.1166
2750000 1.12294
2760000 1.12341
2770000 1.12922
2780000 1.1352
2790000 1.13216
2800000 1.1428
2810000 1.15592
2820000 1.15215
2830000 1.15957
2840000 1.15916
2850000 1.16361
2860000 1.18301
2870000 1.17148
2880000 1.17323
2890000 1.19312
2900000 1.18874
2910000 1.19458
2920000 1.20272
2930000 1.2059
2940000 1.20826
2950000 1.20642
2960000 1.2137
2970000 1.22082
2980000 1.23145
2990000 1.24142
3000000 1.24529
3010000 1.23534
3020000 1.24539
3030000 1.24954
3040000 1.24891
3050000 1.27135
3060000 1.26444
3070000 1.27123
3080000 1.27673
3090000 1.26888
3100000 1.27914
3110000 1.28145
3120000 1.28666
3130000 1.38
3140000 1.30634
3150000 1.42021
3160000 1.31999
3170000 1.32334
3180000 1.31797
3190000 1.32792
3200000 1.33704
3210000 1.33571
3220000 1.33996
3230000 1.34571
3240000 1.34877
3250000 1.35016
3260000 1.39718
3270000 1.35759
3280000 1.35878
3290000 1.36746
3300000 1.38514
3310000 1.37501
3320000 1.38438
3330000 1.38991
3340000 1.3809
3350000 1.39201
3360000 1.39376
3370000 1.41296
3380000 1.39666
3390000 1.4284
3400000 1.40902
3410000 1.42547
3420000 1.41149
3430000 1.43758
3440000 1.4276
3450000 1.43431
3460000 1.44483
3470000 1.43916
3480000 1.44319
3490000 1.45388
3500000 1.45883
3510000 1.46297
3520000 1.47597
3530000 1.46508
3540000 1.45165
3550000 1.46402
3560000 1.46439
3570000 1.46967
3580000 1.48011
3590000 1.47885
3600000 1.47783
3610000 1.48958
3620000 1.50099
3630000 1.49428
3640000 1.56369
3650000 1.49572
3660000 1.50646
3670000 1.49873
3680000 1.51007
3690000 1.59279
3700000 1.51078
3710000 1.52958
3720000 1.52238
3730000 1.53125
3740000 1.52726
3750000 1.53521
3760000 1.54694
3770000 1.54982
3780000 1.55139
3790000 1.55054
3800000 1.57432
3810000 1.57193
3820000 1.57082
3830000 1.59625
3840000 1.58883
3850000 1.57758
3860000 1.58304
3870000 1.62842
3880000 1.59603
3890000 1.58954
3900000 1.60251
3910000 1.59618
3920000 1.60554
3930000 1.61149
3940000 1.61656
3950000 1.62098
3960000 1.62726
3970000 1.63266
3980000 1.68049
3990000 1.63058
4000000 1.65057
4010000 1.64627
4020000 1.64586
4030000 1.64916
4040000 1.6546
4050000 1.65575
4060000 1.67428
4070000 1.66891
4080000 1.66893
4090000 1.69058
4100000 1.67893
4110000 1.69271
4120000 1.68726
4130000 1.69825
4140000 1.70204
4150000 1.71375
4160000 1.70231
4170000 1.7214
4180000 1.72464
4190000 1.77967
4200000 1.72933
4210000 1.72817
4220000 1.74046
4230000 1.74686
4240000 1.76093
4250000 1.74541
4260000 1.76295
4270000 1.76821
4280000 1.87262
4290000 2.18773
4300000 2.05584
4310000 2.09266
4320000 2.18784
4330000 2.13034
4340000 2.0522
4350000 2.03
4360000 1.87852
4370000 1.88289
4380000 2.08651
4390000 2.10462
4400000 1.99181
4410000 1.97503
4420000 1.97711
4430000 1.97811
4440000 1.95172
4450000 1.92759
4460000 1.9974
4470000 1.92728
4480000 1.92647
4490000 1.99933
4500000 2.13071
4510000 2.03984
4520000 1.98163
4530000 1.90958
4540000 1.91735
4550000 1.93297
4560000 1.93633
4570000 2.00308
4580000 1.9176
4590000 1.91413
4600000 1.90152
4610000 1.92197
4620000 1.92366
4630000 1.93013
4640000 1.93414
4650000 1.95608
4660000 1.93437
4670000 1.93429
4680000 1.93773
4690000 1.94705
4700000 1.95102
4710000 1.9632
4720000 1.96478
4730000 1.96359
4740000 2.01393
4750000 1.97434
4760000 1.97055
4770000 1.97698
4780000 1.98742
4790000 2.01028
4800000 1.99416
4810000 2.01383
4820000 2.00643
4830000 2.0441
4840000 2.02791
4850000 2.02215
4860000 2.02857
4870000 2.03646
4880000 2.02958
4890000 2.0292
4900000 2.04495
4910000 2.06326
4920000 2.07144
4930000 2.05911
4940000 2.07069
4950000 2.06829
4960000 2.08139
4970000 2.08053
4980000 2.07947
4990000 2.07924
5000000 2.08807
5010000 2.09807
5020000 2.11348
5030000 2.10557
5040000 2.10372
5050000 2.13009
5060000 2.13368
5070000 2.13343
5080000 2.1371
5090000 2.1495
5100000 2.1342
5110000 2.14501
5120000 2.17116
5130000 2.14883
5140000 2.16162
5150000 2.16354
5160000 2.18273
5170000 2.2052
5180000 2.16715
5190000 2.18663
5200000 2.18015
5210000 2.18271
5220000 2.20137
5230000 2.18604
5240000 2.20119
5250000 2.23991
5260000 2.21576
5270000 2.23052
5280000 2.24457
5290000 2.23641
5300000 2.24157
5310000 2.25363
5320000 2.24316
5330000 2.28575
5340000 2.26533
5350000 2.27021
5360000 2.26746
5370000 2.26847
5380000 2.28616
5390000 2.29318
5400000 2.27678
5410000 2.3314
5420000 2.29167
5430000 2.29053
5440000 2.29879
5450000 2.30595
5460000 2.30291
5470000 2.31791
5480000 2.33009
5490000 2.34426
5500000 2.33293
5510000 2.32907
5520000 2.34316
5530000 2.34597
5540000 2.35289
