10000 0.0036788
20000 0.0061782
30000 0.0069504
40000 0.0131226
50000 0.0125
60000 0.0185334
70000 0.0236354
80000 0.0250014
90000 0.0286164
100000 0.0344672
110000 0.0410696
120000 0.0412008
130000 0.051315
140000 0.045241
150000 0.0480578
160000 0.0508674
170000 0.0531392
180000 0.0608528
190000 0.065132
200000 0.0679748
210000 0.0704578
220000 0.0754224
230000 0.0785502
240000 0.0814068
250000 0.085268
260000 0.0913636
270000 0.0924362
280000 0.101422
290000 0.0991052
300000 0.105318
310000 0.112576
320000 0.115138
330000 0.117601
340000 0.124112
350000 0.126416
360000 0.132136
370000 0.136248
380000 0.148241
390000 0.142996
400000 0.134928
410000 0.149402
420000 0.147327
430000 0.150618
440000 0.160725
450000 0.150524
460000 0.160151
470000 0.167444
480000 0.166396
490000 0.169519
500000 0.182814
510000 0.17658
520000 0.197143
530000 0.193173
540000 0.188126
550000 0.197291
560000 0.199569
570000 0.20298
580000 0.217397
590000 0.209103
600000 0.244044
610000 0.221669
620000 0.224464
630000 0.284506
640000 0.240766
650000 0.232632
660000 0.231792
670000 0.249948
680000 0.244249
690000 0.243979
700000 0.269234
710000 0.254906
720000 0.269795
730000 0.269067
740000 0.282237
750000 0.273691
760000 0.277953
770000 0.276094
780000 0.28435
790000 0.296455
800000 0.288523
810000 0.304253
820000 0.29667
830000 0.301632
840000 0.318405
850000 0.307841
860000 0.321948
870000 0.326038
880000 0.319384
890000 0.326999
900000 0.336825
910000 0.350291
920000 0.338726
930000 0.351786
940000 0.349757
950000 0.34507
960000 0.369156
970000 0.354273
980000 0.357606
990000 0.365683
1000000 0.382729
1010000 0.375009
1020000 0.377539
1030000 0.38141
1040000 0.393616
1050000 0.400341
1060000 0.393804
1070000 0.417031
1080000 0.403549
1090000 0.409332
1100000 0.418906
1110000 0.422864
1120000 0.417786
1130000 0.423633
1140000 0.431138
1150000 0.430914
1160000 0.443619
1170000 0.447175
1180000 0.453156
1190000 0.449788
1200000 0.462371
1210000 0.450277
1220000 0.457099
1230000 0.457519
1240000 0.469129
1250000 0.466967
1260000 0.471206
1270000 0.472556
1280000 0.480994
1290000 0.484492
1300000 0.483281
1310000 0.487224
1320000 0.496092
1330000 0.496005
1340000 0.498594
1350000 0.504328
1360000 0.50452
1370000 0.509543
1380000 0.514343
1390000 0.518617
1400000 0.522227
1410000 0.526332
1420000 0.531339
1430000 0.539543
1440000 0.54174
1450000 0.590968
1460000 0.553208
1470000 0.557451
1480000 0.565672
1490000 0.561353
1500000 0.563693
1510000 0.56876
1520000 0.572508
1530000 0.576192
1540000 0.5972
1550000 0.582247
1560000 0.584138
1570000 0.595403
1580000 0.597248
1590000 0.627518
1600000 0.647963
1610000 0.620637
1620000 0.634372
1630000 0.686319
1640000 0.623448
1650000 0.628461
1660000 0.640629
1670000 0.637489
1680000 0.642573
1690000 0.642814
1700000 0.649201
1710000 0.646833
1720000 0.652615
1730000 0.658936
1740000 0.668935
1750000 0.664047
1760000 0.668325
1770000 0.677145
1780000 0.676141
1790000 0.686245
1800000 0.686266
1810000 0.69898
1820000 0.703144
1830000 0.693202
1840000 0.700701
1850000 0.709293
1860000 0.713293
1870000 0.717431
1880000 0.724856
1890000 0.743929
1900000 0.734686
1910000 0.734571
1920000 0.740465
1930000 0.744719
1940000 0.749875
1950000 0.746384
1960000 0.763288
1970000 0.756831
1980000 0.76557
1990000 0.765604
2000000 0.771641
2010000 0.774897
2020000 0.77813
2030000 0.790797
2040000 0.788996
2050000 0.793511
2060000 0.799
2070000 0.802582
2080000 0.806034
2090000 0.803113
2100000 0.809811
2110000 0.844617
2120000 0.827322
2130000 0.826644
2140000 0.835735
2150000 0.838977
2160000 0.838636
2170000 0.847805
2180000 0.842845
2190000 0.856064
2200000 0.84815
2210000 0.852587
2220000 0.862667
2230000 0.86856
2240000 0.871647
2250000 0.883704
2260000 0.878053
2270000 0.881221
2280000 0.886783
2290000 0.893277
2300000 0.893853
2310000 0.902923
2320000 0.921231
2330000 0.904983
2340000 0.915604
2350000 0.918786
2360000 1.02838
2370000 0.935203
2380000 0.931022
2390000 0.939183
2400000 0.930052
2410000 0.943654
2420000 0.94664
2430000 0.951947
2440000 0.952103
2450000 0.958525
2460000 0.960165
2470000 0.974428
2480000 0.971796
2490000 0.972204
2500000 0.997063
2510000 0.975837
2520000 0.984693
2530000 0.991447
2540000 1.0277
2550000 0.993734
2560000 1.00011
2570000 1.00438
2580000 1.00949
2590000 1.01239
2600000 1.07237
2610000 1.04096
2620000 1.02594
2630000 1.03128
2640000 1.03386
2650000 1.03718
2660000 1.04237
2670000 1.06511
2680000 1.0478
2690000 1.05947
2700000 1.04962
2710000 1.09863
2720000 1.07052
2730000 1.06987
2740000 1.07427
2750000 1.07575
2760000 1.07824
2770000 1.08043
2780000 1.09554
2790000 1.09166
2800000 1.09675
2810000 1.10142
2820000 1.11298
2830000 1.14232
2840000 1.111
2850000 1.11605
2860000 1.12094
2870000 1.12995
2880000 1.13469
2890000 1.13402
2900000 1.1331
2910000 1.13771
2920000 1.16432
2930000 1.16093
2940000 1.15475
2950000 1.15928
2960000 1.1656
2970000 1.17499
2980000 1.20551
2990000 1.17264
3000000 1.17681
3010000 1.18152
3020000 1.1869
3030000 1.19211
3040000 1.19141
3050000 1.20693
3060000 1.2097
3070000 1.21001
3080000 1.21559
3090000 1.21229
3100000 1.22078
3110000 1.21978
3120000 1.25172
3130000 1.23628
3140000 1.4275
3150000 1.27916
3160000 1.24936
3170000 1.25156
3180000 1.25455
3190000 1.25151
3200000 1.2608
3210000 1.27134
3220000 1.26785
3230000 1.27026
3240000 1.2764
3250000 1.28255
3260000 1.28762
3270000 1.28237
3280000 1.30403
3290000 1.2947
3300000 1.30498
3310000 1.30773
3320000 1.31059
3330000 1.32048
3340000 1.3214
3350000 1.32973
3360000 1.33623
3370000 1.33278
3380000 1.34521
3390000 1.34206
3400000 1.34243
3410000 1.35398
3420000 1.36125
3430000 1.35801
3440000 1.36402
3450000 1.37655
3460000 1.38408
3470000 1.36705
3480000 1.386
3490000 1.38931
3500000 1.38937
3510000 1.41431
3520000 1.39595
3530000 1.46147
3540000 1.40464
3550000 1.41628
3560000 1.43917
3570000 1.41722
3580000 1.43127
3590000 1.43021
3600000 1.42395
3610000 1.43366
3620000 1.43916
3630000 1.44918
3640000 1.45157
3650000 1.4608
3660000 1.45805
3670000 1.4644
3680000 1.47131
3690000 1.47427
3700000 1.47458
3710000 1.48339
3720000 1.48005
3730000 1.48647
3740000 1.49921
3750000 1.53034
3760000 1.51443
3770000 1.51807
3780000 1.50855
3790000 1.51774
3800000 1.52086
3810000 1.52696
3820000 1.52689
3830000 1.53067
3840000 1.54025
3850000 1.53368
3860000 1.53694
3870000 1.54944
3880000 1.55215
3890000 1.55091
3900000 1.55647
3910000 1.57127
3920000 1.56812
3930000 1.57087
3940000 1.57737
3950000 1.59003
3960000 1.64925
3970000 1.60248
3980000 1.60527
3990000 1.59928
4000000 1.5962
4010000 1.60866
4020000 1.61178
4030000 1.61835
4040000 1.62201
4050000 1.62428
4060000 1.63705
4070000 1.62742
4080000 1.64585
4090000 1.64615
4100000 1.64963
4110000 1.66177
4120000 1.65331
4130000 1.66516
4140000 1.72022
4150000 1.68658
4160000 1.67628
4170000 1.6845
4180000 1.69063
4190000 1.69852
4200000 1.70623
4210000 1.7047
4220000 1.69974
4230000 1.71547
4240000 1.72182
4250000 1.7465
4260000 1.73432
4270000 1.7411
4280000 1.85027
4290000 1.98613
4300000 1.89128
4310000 2.13387
4320000 2.04011
4330000 2.1261
4340000 2.00679
4350000 1.99678
4360000 1.87723
4370000 1.95422
4380000 2.03321
4390000 1.92036
4400000 2.02738
4410000 1.99029
4420000 1.92799
4430000 1.93489
4440000 1.85276
4450000 2.0337
4460000 1.98898
4470000 1.89128
4480000 1.90366
4490000 2.00418
4500000 1.9853
4510000 1.93504
4520000 1.92182
4530000 1.88704
4540000 1.89521
4550000 1.8941
4560000 1.93813
4570000 1.93676
4580000 1.87749
4590000 1.86619
4600000 1.87259
4610000 1.88386
4620000 1.88323
4630000 1.88646
4640000 1.891
4650000 1.89371
4660000 1.89405
4670000 1.90345
4680000 1.90955
4690000 1.90706
4700000 1.92951
4710000 1.91395
4720000 1.91509
4730000 1.92711
4740000 1.94493
4750000 1.92323
4760000 1.9287
4770000 1.93977
4780000 1.9628
4790000 1.95741
4800000 1.95512
4810000 1.94992
4820000 1.95702
4830000 1.9755
4840000 1.97318
4850000 1.98077
4860000 1.99038
4870000 1.9879
4880000 1.99155
4890000 1.99238
4900000 2.00641
4910000 2.02585
4920000 2.00945
4930000 2.00955
4940000 2.01697
4950000 2.03021
4960000 2.02978
4970000 2.0474
4980000 2.04361
4990000 2.03152
5000000 2.0844
5010000 2.03192
5020000 2.0626
5030000 2.06346
5040000 2.05426
5050000 2.05957
5060000 2.06746
5070000 2.07403
5080000 2.08837
5090000 2.08087
5100000 2.07275
5110000 2.09044
5120000 2.09167
5130000 2.10377
5140000 2.11674
5150000 2.12188
5160000 2.10635
5170000 2.12263
5180000 2.12313
5190000 2.12197
5200000 2.12563
5210000 2.12937
5220000 2.11647
5230000 2.13214
5240000 2.13174
5250000 2.1531
5260000 2.14061
5270000 2.15109
5280000 2.15864
5290000 2.16147
5300000 2.16056
5310000 2.1648
5320000 2.16954
5330000 2.19145
5340000 2.28981
5350000 2.19699
5360000 2.19569
5370000 2.20779
5380000 2.20925
5390000 2.2067
5400000 2.19986
5410000 2.21862
5420000 2.2156
5430000 2.20803
5440000 2.21737
5450000 2.22208
5460000 2.25107
5470000 2.25323
5480000 2.25371
5490000 2.24995
5500000 2.25341
5510000 2.34343
5520000 2.25166
5530000 2.26934
5540000 2.31544
